1.8849555921538759
1.2707963267948963
2.3307963267948972
1.8707963267948968
0.4907963267948956
5.293981633974503
0.9707963267948958
2.4307963267948973
2.990796326794898

1.8849555921538759
1.2943518823504518
2.3072407712393415
1.8401296601282302
0.5214629934615623
5.197910849370511
1.066867111398887
2.4432407712393416
2.9783518823504536

1.8849555921538759
1.3179074379060074
2.2836852156837857
1.8094629934615636
0.5521296601282291
5.101840064766519
1.1629378960028782
2.455685215683786
2.9659074379060093

1.8849555921538759
1.341462993461563
2.26012966012823
1.778796326794897
0.5827963267948958
5.005769280162528
1.2590086806068694
2.46812966012823
2.953462993461565

1.8849555921538759
1.3650185490171185
2.236574104572674
1.7481296601282303
0.6134629934615625
4.909698495558536
1.3550794652108606
2.4805741045726744
2.941018549017121

1.8849555921538759
1.388574104572674
2.2130185490171184
1.7174629934615637
0.6441296601282293
4.8136277109545444
1.4511502498148519
2.4930185490171186
2.9285741045726765

1.8849555921538759
1.4121296601282296
2.1894629934615626
1.686796326794897
0.674796326794896
4.717556926350553
1.547221034418843
2.505462993461563
2.9161296601282323

1.8849555921538759
1.4356852156837852
2.165907437906007
1.6561296601282305
0.7054629934615627
4.621486141746561
1.6432918190228343
2.517907437906007
2.903685215683788

1.8849555921538759
1.4592407712393407
2.142351882350451
1.6254629934615639
0.7361296601282294
4.5254153571425695
1.7393626036268255
2.5303518823504514
2.8912407712393438

1.8849555921538759
1.4827963267948963
2.1187963267948953
1.5947963267948972
0.7667963267948962
4.429344572538578
1.8354333882308167
2.5427963267948956
2.8787963267948995

1.8849555921538759
1.5063518823504518
2.0952407712393395
1.5641296601282306
0.7974629934615629
4.333273787934586
1.931504172834808
2.55524077123934
2.8663518823504552

1.8849555921538759
1.5299074379060074
2.0716852156837837
1.533462993461564
0.8281296601282296
4.2372030033305945
2.0275749574387993
2.567685215683784
2.853907437906011

1.8849555921538759
1.553462993461563
2.048129660128228
1.5027963267948974
0.8587963267948964
4.141132218726603
2.1236457420427906
2.5801296601282284
2.8414629934615667

1.8849555921538759
1.5770185490171185
2.024574104572672
1.4721296601282308
0.8894629934615631
4.045061434122611
2.2197165266467818
2.5925741045726727
2.8290185490171225

1.8849555921538759
1.600574104572674
2.0010185490171164
1.4414629934615641
0.9201296601282298
3.94899064951862
2.315787311250773
2.605018549017117
2.816574104572678

1.8849555921538759
1.6241296601282296
1.9774629934615608
1.4107963267948975
0.9507963267948966
3.852919864914629
2.411858095854764
2.617462993461561
2.804129660128234

1.8849555921538759
1.6476852156837851
1.9539074379060053
1.380129660128231
0.9814629934615633
3.7568490803106376
2.5079288804587554
2.6299074379060055
2.7916852156837897

1.8849555921538759
1.6712407712393407
1.9303518823504497
1.3494629934615643
1.01212966012823
3.6607782957066464
2.6039996650627466
2.6423518823504497
2.7792407712393454

1.8849555921538759
1.6947963267948962
1.9067963267948942
1.3187963267948977
1.0427963267948965
3.564707511102655
2.700070449666738
2.654796326794894
2.766796326794901

1.8849555921538759
1.7183518823504518
1.8832407712393386
1.288129660128231
1.0734629934615632
3.468636726498664
2.796141234270729
2.6672407712393382
2.754351882350457

1.8849555921538759
1.7419074379060073
1.859685215683783
1.2574629934615644
1.1041296601282298
3.3725659418946727
2.8922120188747202
2.6796852156837825
2.7419074379060127

1.8849555921538759
1.7654629934615629
1.8361296601282275
1.2267963267948978
1.1347963267948964
3.2764951572906815
2.9882828034787114
2.6921296601282267
2.7294629934615684

1.8849555921538759
1.7890185490171184
1.812574104572672
1.1961296601282312
1.165462993461563
3.1804243726866903
3.0843535880827027
2.704574104572671
2.717018549017124

1.8849555921538759
1.812574104572674
1.7890185490171164
1.1654629934615646
1.1961296601282296
3.084353588082699
3.180424372686694
2.7170185490171153
2.70457410457268

1.8849555921538759
1.8361296601282295
1.7654629934615609
1.134796326794898
1.2267963267948963
2.988282803478708
3.276495157290685
2.7294629934615595
2.6921296601282356

1.8849555921538759
1.859685215683785
1.7419074379060053
1.1041296601282313
1.2574629934615629
2.8922120188747167
3.3725659418946763
2.7419074379060038
2.6796852156837914

1.8849555921538759
1.8832407712393406
1.7183518823504498
1.0734629934615647
1.2881296601282295
2.7961412342707255
3.4686367264986675
2.754351882350448
2.667240771239347

1.8849555921538759
1.9067963267948962
1.6947963267948942
1.042796326794898
1.3187963267948961
2.7000704496667343
3.5647075111026587
2.7667963267948923
2.654796326794903

1.8849555921538759
1.9303518823504517
1.6712407712393387
1.0121296601282315
1.3494629934615627
2.603999665062743
3.66077829570665
2.7792407712393365
2.6423518823504586

1.8849555921538759
1.9539074379060073
1.6476852156837831
0.9814629934615647
1.3801296601282294
2.507928880458752
3.756849080310641
2.791685215683781
2.6299074379060143

1.8849555921538759
1.9774629934615628
1.6241296601282276
0.950796326794898
1.410796326794896
2.4118580958547606
3.8529198649146323
2.804129660128225
2.61746299346157

1.8849555921538759
2.0010185490171186
1.600574104572672
0.9201296601282313
1.4414629934615626
2.3157873112507694
3.9489906495186236
2.8165741045726693
2.605018549017126

1.8849555921538759
2.0245741045726744
1.5770185490171165
0.8894629934615645
1.4721296601282292
2.219716526646778
4.045061434122615
2.8290185490171136
2.5925741045726816

1.8849555921538759
2.04812966012823
1.553462993461561
0.8587963267948978
1.5027963267948958
2.123645742042787
4.141132218726606
2.841462993461558
2.5801296601282373

1.8849555921538759
2.071685215683786
1.5299074379060054
0.8281296601282311
1.5334629934615625
2.027574957438796
4.237203003330598
2.853907437906002
2.567685215683793

1.8849555921538759
2.0952407712393417
1.5063518823504498
0.7974629934615644
1.564129660128229
1.9315041728348046
4.33327378793459
2.8663518823504464
2.555240771239349

1.8849555921538759
2.1187963267948975
1.4827963267948943
0.7667963267948976
1.5947963267948957
1.8354333882308134
4.429344572538581
2.8787963267948906
2.5427963267949045

1.8849555921538759
2.1423518823504533
1.4592407712393387
0.7361296601282309
1.6254629934615623
1.7393626036268222
4.525415357142573
2.891240771239335
2.5303518823504603

1.8849555921538759
2.165907437906009
1.4356852156837832
0.7054629934615642
1.656129660128229
1.643291819022831
4.621486141746565
2.903685215683779
2.517907437906016

1.8849555921538759
2.189462993461565
1.4121296601282276
0.6747963267948974
1.6867963267948956
1.5472210344188397
4.717556926350556
2.9161296601282234
2.5054629934615718

1.8849555921538759
2.2130185490171206
1.388574104572672
0.6441296601282307
1.7174629934615622
1.4511502498148485
4.813627710954548
2.9285741045726676
2.4930185490171275

1.8849555921538759
2.2365741045726764
1.3650185490171165
0.613462993461564
1.7481296601282288
1.3550794652108573
4.90969849555854
2.941018549017112
2.4805741045726832

1.8849555921538759
2.260129660128232
1.341462993461561
0.5827963267948972
1.7787963267948954
1.259008680606866
5.005769280162531
2.953462993461556
2.468129660128239

1.8849555921538759
2.283685215683788
1.3179074379060054
0.5521296601282305
1.809462993461562
1.162937896002875
5.101840064766523
2.9659074379060004
2.4556852156837947

1.8849555921538759
2.3072407712393437
1.2943518823504498
0.5214629934615638
1.8401296601282287
1.0668671113988837
5.197910849370515
2.9783518823504447
2.4432407712393505

